0 0.514212 0.064599 0.062016 0.049096
0 0.622739 0.096253 0.069767 0.037468
0 0.594315 0.043282 0.059432 0.024548
0 0.624677 0.158269 0.073643 0.050388
0 0.729974 0.145349 0.093023 0.063307
0 0.292636 0.329457 0.081395 0.093023
0 0.410207 0.283592 0.068475 0.073643
0 0.535530 0.279070 0.094315 0.074935
0 0.587855 0.371447 0.085271 0.071059
0 0.772610 0.459948 0.064599 0.069767
0 0.790052 0.259044 0.047804 0.052972
0 0.361757 0.638243 0.085271 0.067183
0 0.482558 0.680233 0.060724 0.052972
0 0.591085 0.772610 0.063307 0.041344